5.3850E-02	2.1350E-15
2.5440E-01	1.1180E-15
4.2660E-01	2.0400E-15
5.8660E-01	3.6270E-15
7.5510E-01	5.5920E-15
9.3390E-01	7.8520E-15
1.1200E+00	1.0340E-14
1.3060E+00	1.3030E-14
1.4900E+00	1.5880E-14
1.6720E+00	1.8900E-14
1.8560E+00	2.2100E-14
2.0400E+00	2.5470E-14
2.2160E+00	2.8990E-14
2.3990E+00	3.2670E-14
2.5830E+00	3.6490E-14
2.7650E+00	4.0450E-14
2.9480E+00	4.4540E-14
3.1300E+00	4.8750E-14
3.3110E+00	5.3080E-14
3.4890E+00	5.7510E-14
3.6650E+00	6.2060E-14
3.8390E+00	6.6710E-14
4.0110E+00	7.1470E-14
4.1790E+00	7.6280E-14
4.3430E+00	8.1080E-14
4.4960E+00	8.5730E-14
4.6390E+00	9.0100E-14
4.7630E+00	9.4040E-14
4.8690E+00	9.7470E-14
4.9570E+00	1.0040E-13
5.0300E+00	1.0280E-13
5.0890E+00	1.0480E-13
5.1370E+00	1.0650E-13
5.1770E+00	1.0790E-13
5.2100E+00	1.0900E-13
5.2380E+00	1.1000E-13
5.2620E+00	1.1090E-13
5.2830E+00	1.1160E-13
5.3030E+00	1.1230E-13
5.3210E+00	1.1290E-13
5.3380E+00	1.1350E-13
5.3540E+00	1.1410E-13
5.3700E+00	1.1460E-13
5.3850E+00	1.1510E-13
5.4010E+00	1.1560E-13
5.4160E+00	1.1610E-13
5.4310E+00	1.1660E-13
5.4460E+00	1.1710E-13
5.4610E+00	1.1750E-13
5.4760E+00	1.1800E-13
5.4910E+00	1.1850E-13
5.5070E+00	1.1900E-13
5.5220E+00	1.1940E-13
5.5380E+00	1.1990E-13
5.5540E+00	1.2040E-13
5.5690E+00	1.2080E-13
5.5850E+00	1.2130E-13
5.6020E+00	1.2180E-13
5.6180E+00	1.2230E-13
5.6340E+00	1.2280E-13
5.6510E+00	1.2320E-13
5.6670E+00	1.2370E-13
5.6840E+00	1.2420E-13
5.7010E+00	1.2470E-13
5.7180E+00	1.2520E-13
5.7350E+00	1.2570E-13
5.7520E+00	1.2610E-13
5.7690E+00	1.2660E-13
5.7870E+00	1.2710E-13
5.8040E+00	1.2760E-13
5.8220E+00	1.2810E-13
5.8390E+00	1.2860E-13
5.8570E+00	1.2910E-13
5.8740E+00	1.2960E-13
5.8920E+00	1.3010E-13
5.9100E+00	1.3060E-13
5.9280E+00	1.3110E-13
5.9450E+00	1.3160E-13
5.9630E+00	1.3200E-13
5.9810E+00	1.3250E-13
5.9990E+00	1.3300E-13
6.0170E+00	1.3350E-13
6.0350E+00	1.3400E-13
6.0530E+00	1.3450E-13
6.0710E+00	1.3500E-13
6.0890E+00	1.3550E-13
6.1070E+00	1.3590E-13
6.1250E+00	1.3640E-13
6.1430E+00	1.3690E-13
6.1610E+00	1.3740E-13
6.1790E+00	1.3790E-13
6.1970E+00	1.3830E-13
6.2150E+00	1.3880E-13
6.2320E+00	1.3930E-13
6.2500E+00	1.3970E-13
6.2680E+00	1.4020E-13
6.2860E+00	1.4070E-13
6.3040E+00	1.4110E-13
6.3220E+00	1.4160E-13
6.3400E+00	1.4210E-13
6.3580E+00	1.4250E-13
6.3750E+00	1.4300E-13
6.3930E+00	1.4340E-13
6.4110E+00	1.4390E-13
6.4290E+00	1.4430E-13
6.4460E+00	1.4480E-13
6.4640E+00	1.4520E-13
6.4820E+00	1.4570E-13
6.4990E+00	1.4610E-13
6.5170E+00	1.4650E-13
6.5340E+00	1.4700E-13
6.5520E+00	1.4740E-13
6.5700E+00	1.4780E-13
6.5870E+00	1.4830E-13
6.6050E+00	1.4870E-13
6.6220E+00	1.4910E-13
6.6390E+00	1.4960E-13
6.6570E+00	1.5000E-13
6.6740E+00	1.5040E-13
6.6920E+00	1.5080E-13
6.7090E+00	1.5120E-13
6.7260E+00	1.5160E-13
6.7440E+00	1.5210E-13
6.7610E+00	1.5250E-13
6.7780E+00	1.5290E-13
6.7960E+00	1.5330E-13
6.8130E+00	1.5370E-13
6.8300E+00	1.5410E-13
6.8470E+00	1.5450E-13
6.8650E+00	1.5490E-13
6.8820E+00	1.5530E-13
6.8990E+00	1.5570E-13
6.9160E+00	1.5600E-13
6.9330E+00	1.5640E-13
6.9510E+00	1.5680E-13
6.9680E+00	1.5720E-13
6.9850E+00	1.5760E-13
7.0020E+00	1.5800E-13
7.0190E+00	1.5830E-13
7.0360E+00	1.5870E-13
7.0530E+00	1.5910E-13
7.0700E+00	1.5950E-13
7.0880E+00	1.5980E-13
7.1050E+00	1.6020E-13
7.1220E+00	1.6060E-13
7.1390E+00	1.6090E-13
7.1560E+00	1.6130E-13
7.1730E+00	1.6170E-13
7.1900E+00	1.6200E-13
7.2070E+00	1.6240E-13
7.2210E+00	1.6270E-13
7.2390E+00	1.6310E-13
7.2560E+00	1.6340E-13
7.2730E+00	1.6380E-13
7.2900E+00	1.6410E-13
7.3070E+00	1.6450E-13
7.3240E+00	1.6480E-13
7.3410E+00	1.6520E-13
7.3580E+00	1.6550E-13
7.3760E+00	1.6590E-13
7.3930E+00	1.6620E-13
7.4100E+00	1.6650E-13
7.4270E+00	1.6690E-13
7.4440E+00	1.6720E-13
7.4620E+00	1.6760E-13
7.4790E+00	1.6790E-13
7.4960E+00	1.6820E-13
7.5140E+00	1.6860E-13
7.5310E+00	1.6890E-13
7.5480E+00	1.6920E-13
7.5660E+00	1.6950E-13
7.5830E+00	1.6990E-13
7.6010E+00	1.7020E-13
7.6180E+00	1.7050E-13
7.6360E+00	1.7080E-13
7.6530E+00	1.7120E-13
7.6710E+00	1.7150E-13
7.6890E+00	1.7180E-13
7.7060E+00	1.7210E-13
7.7240E+00	1.7240E-13
7.7420E+00	1.7280E-13
7.7590E+00	1.7310E-13
7.7770E+00	1.7340E-13
7.7950E+00	1.7370E-13
7.8130E+00	1.7400E-13
7.8310E+00	1.7430E-13
7.8490E+00	1.7460E-13
7.8670E+00	1.7490E-13
7.8850E+00	1.7520E-13
7.9030E+00	1.7550E-13
7.9210E+00	1.7590E-13
7.9390E+00	1.7620E-13
7.9570E+00	1.7650E-13
7.9760E+00	1.7680E-13
7.9940E+00	1.7710E-13
8.0120E+00	1.7740E-13
8.0310E+00	1.7770E-13
8.0490E+00	1.7800E-13
8.0680E+00	1.7830E-13
8.0860E+00	1.7860E-13
8.1050E+00	1.7890E-13
8.1230E+00	1.7920E-13
8.1420E+00	1.7940E-13
8.1610E+00	1.7970E-13
8.1800E+00	1.8000E-13
8.1990E+00	1.8030E-13
8.2180E+00	1.8060E-13
8.2370E+00	1.8090E-13
8.2560E+00	1.8120E-13
8.2750E+00	1.8150E-13
8.2940E+00	1.8180E-13
8.3130E+00	1.8210E-13
8.3320E+00	1.8240E-13
8.3520E+00	1.8260E-13
8.3710E+00	1.8290E-13
8.3910E+00	1.8320E-13
8.4110E+00	1.8350E-13
8.4300E+00	1.8380E-13
8.4500E+00	1.8410E-13
8.4700E+00	1.8440E-13
8.4900E+00	1.8460E-13
8.5100E+00	1.8490E-13
8.5300E+00	1.8520E-13
8.5500E+00	1.8550E-13
8.5700E+00	1.8580E-13
8.5900E+00	1.8600E-13
8.6100E+00	1.8630E-13
8.6310E+00	1.8660E-13
8.6510E+00	1.8690E-13
8.6720E+00	1.8710E-13
8.6920E+00	1.8740E-13
8.7130E+00	1.8770E-13
8.7340E+00	1.8800E-13
8.7550E+00	1.8830E-13
8.7760E+00	1.8850E-13
8.7970E+00	1.8880E-13
8.8180E+00	1.8910E-13
8.8390E+00	1.8930E-13
8.8600E+00	1.8960E-13
8.8820E+00	1.8990E-13
8.9030E+00	1.9020E-13
8.9250E+00	1.9040E-13
8.9460E+00	1.9070E-13
8.9680E+00	1.9100E-13
8.9900E+00	1.9120E-13
9.0120E+00	1.9150E-13
9.0340E+00	1.9180E-13
9.0560E+00	1.9200E-13
9.0780E+00	1.9230E-13
9.1000E+00	1.9260E-13
9.1230E+00	1.9290E-13
9.1450E+00	1.9310E-13
9.1680E+00	1.9340E-13
9.1900E+00	1.9370E-13
9.2130E+00	1.9390E-13
9.2360E+00	1.9420E-13
9.2590E+00	1.9450E-13
9.2820E+00	1.9470E-13
9.3050E+00	1.9500E-13
9.3290E+00	1.9520E-13
9.3520E+00	1.9550E-13
9.3750E+00	1.9580E-13
9.3990E+00	1.9600E-13
9.4230E+00	1.9630E-13
9.4470E+00	1.9660E-13
9.4700E+00	1.9680E-13
9.4950E+00	1.9710E-13
9.5190E+00	1.9730E-13
9.5430E+00	1.9760E-13
9.5670E+00	1.9790E-13
9.5920E+00	1.9810E-13
9.6160E+00	1.9840E-13
9.6400E+00	1.9860E-13
9.6650E+00	1.9890E-13
9.6890E+00	1.9910E-13
9.7140E+00	1.9940E-13
9.7400E+00	1.9970E-13
9.7650E+00	1.9990E-13
9.7900E+00	2.0020E-13
9.8160E+00	2.0040E-13
9.8410E+00	2.0070E-13
9.8670E+00	2.0090E-13
9.8930E+00	2.0120E-13
9.9190E+00	2.0140E-13
9.9450E+00	2.0170E-13
9.9710E+00	2.0200E-13
9.9980E+00	2.0220E-13
1.0020E+01	2.0250E-13
1.0050E+01	2.0270E-13
1.0080E+01	2.0300E-13
1.0100E+01	2.0320E-13
1.0130E+01	2.0350E-13
1.0160E+01	2.0370E-13
1.0190E+01	2.0400E-13
1.0210E+01	2.0430E-13
1.0240E+01	2.0450E-13
1.0270E+01	2.0480E-13
1.0300E+01	2.0500E-13
1.0320E+01	2.0530E-13
1.0350E+01	2.0550E-13
