5.3850E-02	0.0000E+00
2.5440E-01	0.0000E+00
4.2660E-01	0.0000E+00
5.8660E-01	0.0000E+00
7.5510E-01	0.0000E+00
9.3390E-01	0.0000E+00
1.1200E+00	0.0000E+00
1.3060E+00	0.0000E+00
1.4900E+00	0.0000E+00
1.6720E+00	0.0000E+00
1.8560E+00	0.0000E+00
2.0400E+00	0.0000E+00
2.2160E+00	0.0000E+00
2.3990E+00	0.0000E+00
2.5830E+00	0.0000E+00
2.7650E+00	4.1880E-35
2.9480E+00	3.9830E-32
3.1300E+00	8.9680E-30
3.3110E+00	2.3140E-26
3.4890E+00	8.1710E-25
3.6650E+00	1.4120E-23
3.8390E+00	1.3900E-22
4.0110E+00	8.7900E-22
4.1790E+00	3.9130E-21
4.3430E+00	1.3170E-20
4.4960E+00	3.5420E-20
4.6390E+00	7.9670E-20
4.7630E+00	1.5530E-19
4.8690E+00	2.7020E-19
4.9570E+00	4.2980E-19
5.0300E+00	6.3690E-19
5.0890E+00	8.9260E-19
5.1370E+00	1.1970E-18
5.1770E+00	1.5480E-18
5.2100E+00	1.9480E-18
5.2380E+00	2.3960E-18
5.2620E+00	2.8920E-18
5.2830E+00	3.4360E-18
5.3030E+00	4.0290E-18
5.3210E+00	4.6730E-18
5.3380E+00	5.3690E-18
5.3540E+00	6.1170E-18
5.3700E+00	6.9200E-18
5.3850E+00	7.7800E-18
5.4010E+00	8.6980E-18
5.4160E+00	9.6760E-18
5.4310E+00	1.0720E-17
5.4460E+00	1.1820E-17
5.4610E+00	1.2990E-17
5.4760E+00	1.4230E-17
5.4910E+00	1.5540E-17
5.5070E+00	1.6920E-17
5.5220E+00	1.8370E-17
5.5380E+00	1.9900E-17
5.5540E+00	2.1510E-17
5.5690E+00	2.3200E-17
5.5850E+00	2.4980E-17
5.6020E+00	2.6830E-17
5.6180E+00	2.8780E-17
5.6340E+00	3.0810E-17
5.6510E+00	3.2930E-17
5.6670E+00	3.5150E-17
5.6840E+00	3.7460E-17
5.7010E+00	3.9870E-17
5.7180E+00	4.2370E-17
5.7350E+00	4.4980E-17
5.7520E+00	4.7690E-17
5.7690E+00	5.0490E-17
5.7870E+00	5.3410E-17
5.8040E+00	5.6430E-17
5.8220E+00	5.9560E-17
5.8390E+00	6.2800E-17
5.8570E+00	6.6150E-17
5.8740E+00	6.9610E-17
5.8920E+00	7.3190E-17
5.9100E+00	7.6880E-17
5.9280E+00	8.0690E-17
5.9450E+00	8.4620E-17
5.9630E+00	8.8660E-17
5.9810E+00	9.2820E-17
5.9990E+00	9.7100E-17
6.0170E+00	1.0150E-16
6.0350E+00	1.0600E-16
6.0530E+00	1.1070E-16
6.0710E+00	1.1550E-16
6.0890E+00	1.2040E-16
6.1070E+00	1.2540E-16
6.1250E+00	1.3050E-16
6.1430E+00	1.3580E-16
6.1610E+00	1.4120E-16
6.1790E+00	1.4670E-16
6.1970E+00	1.5240E-16
6.2150E+00	1.5820E-16
6.2320E+00	1.6410E-16
6.2500E+00	1.7020E-16
6.2680E+00	1.7640E-16
6.2860E+00	1.8270E-16
6.3040E+00	1.8910E-16
6.3220E+00	1.9570E-16
6.3400E+00	2.0240E-16
6.3580E+00	2.0930E-16
6.3750E+00	2.1620E-16
6.3930E+00	2.2330E-16
6.4110E+00	2.3060E-16
6.4290E+00	2.3800E-16
6.4460E+00	2.4550E-16
6.4640E+00	2.5310E-16
6.4820E+00	2.6090E-16
6.4990E+00	2.6890E-16
6.5170E+00	2.7690E-16
6.5340E+00	2.8520E-16
6.5520E+00	2.9350E-16
6.5700E+00	3.0200E-16
6.5870E+00	3.1060E-16
6.6050E+00	3.1940E-16
6.6220E+00	3.2830E-16
6.6390E+00	3.3740E-16
6.6570E+00	3.4660E-16
6.6740E+00	3.5600E-16
6.6920E+00	3.6550E-16
6.7090E+00	3.7510E-16
6.7260E+00	3.8490E-16
6.7440E+00	3.9480E-16
6.7610E+00	4.0490E-16
6.7780E+00	4.1520E-16
6.7960E+00	4.2550E-16
6.8130E+00	4.3610E-16
6.8300E+00	4.4680E-16
6.8470E+00	4.5760E-16
6.8650E+00	4.6860E-16
6.8820E+00	4.7970E-16
6.8990E+00	4.9100E-16
6.9160E+00	5.0250E-16
6.9330E+00	5.1410E-16
6.9510E+00	5.2580E-16
6.9680E+00	5.3780E-16
6.9850E+00	5.4980E-16
7.0020E+00	5.6210E-16
7.0190E+00	5.7450E-16
7.0360E+00	5.8700E-16
7.0530E+00	5.9980E-16
7.0700E+00	6.1270E-16
7.0880E+00	6.2570E-16
7.1050E+00	6.3890E-16
7.1220E+00	6.5230E-16
7.1390E+00	6.6590E-16
7.1560E+00	6.7960E-16
7.1730E+00	6.9350E-16
7.1900E+00	7.0750E-16
7.2070E+00	7.2180E-16
7.2210E+00	7.3610E-16
7.2390E+00	7.5070E-16
7.2560E+00	7.6540E-16
7.2730E+00	7.8030E-16
7.2900E+00	7.9540E-16
7.3070E+00	8.1070E-16
7.3240E+00	8.2620E-16
7.3410E+00	8.4180E-16
7.3580E+00	8.5740E-16
7.3760E+00	8.7340E-16
7.3930E+00	8.8960E-16
7.4100E+00	9.0590E-16
7.4270E+00	9.2250E-16
7.4440E+00	9.3920E-16
7.4620E+00	9.5610E-16
7.4790E+00	9.7320E-16
7.4960E+00	9.9050E-16
7.5140E+00	1.0080E-15
7.5310E+00	1.0260E-15
7.5480E+00	1.0430E-15
7.5660E+00	1.0610E-15
7.5830E+00	1.0800E-15
7.6010E+00	1.0980E-15
7.6180E+00	1.1170E-15
7.6360E+00	1.1360E-15
7.6530E+00	1.1550E-15
7.6710E+00	1.1740E-15
7.6890E+00	1.1930E-15
7.7060E+00	1.2130E-15
7.7240E+00	1.2330E-15
7.7420E+00	1.2530E-15
7.7590E+00	1.2730E-15
7.7770E+00	1.2930E-15
7.7950E+00	1.3140E-15
7.8130E+00	1.3350E-15
7.8310E+00	1.3560E-15
7.8490E+00	1.3770E-15
7.8670E+00	1.3980E-15
7.8850E+00	1.4200E-15
7.9030E+00	1.4420E-15
7.9210E+00	1.4640E-15
7.9390E+00	1.4860E-15
7.9570E+00	1.5090E-15
7.9760E+00	1.5310E-15
7.9940E+00	1.5540E-15
8.0120E+00	1.5770E-15
8.0310E+00	1.6000E-15
8.0490E+00	1.6240E-15
8.0680E+00	1.6480E-15
8.0860E+00	1.6720E-15
8.1050E+00	1.6960E-15
8.1230E+00	1.7200E-15
8.1420E+00	1.7450E-15
8.1610E+00	1.7700E-15
8.1800E+00	1.7950E-15
8.1990E+00	1.8200E-15
8.2180E+00	1.8460E-15
8.2370E+00	1.8710E-15
8.2560E+00	1.8970E-15
8.2750E+00	1.9230E-15
8.2940E+00	1.9500E-15
8.3130E+00	1.9760E-15
8.3320E+00	2.0030E-15
8.3520E+00	2.0300E-15
8.3710E+00	2.0570E-15
8.3910E+00	2.0850E-15
8.4110E+00	2.1130E-15
8.4300E+00	2.1410E-15
8.4500E+00	2.1690E-15
8.4700E+00	2.1970E-15
8.4900E+00	2.2260E-15
8.5100E+00	2.2550E-15
8.5300E+00	2.2840E-15
8.5500E+00	2.3130E-15
8.5700E+00	2.3430E-15
8.5900E+00	2.3730E-15
8.6100E+00	2.4030E-15
8.6310E+00	2.4330E-15
8.6510E+00	2.4630E-15
8.6720E+00	2.4940E-15
8.6920E+00	2.5250E-15
8.7130E+00	2.5560E-15
8.7340E+00	2.5880E-15
8.7550E+00	2.6190E-15
8.7760E+00	2.6510E-15
8.7970E+00	2.6830E-15
8.8180E+00	2.7160E-15
8.8390E+00	2.7480E-15
8.8600E+00	2.7810E-15
8.8820E+00	2.8140E-15
8.9030E+00	2.8470E-15
8.9250E+00	2.8810E-15
8.9460E+00	2.9150E-15
8.9680E+00	2.9490E-15
8.9900E+00	2.9830E-15
9.0120E+00	3.0180E-15
9.0340E+00	3.0520E-15
9.0560E+00	3.0870E-15
9.0780E+00	3.1220E-15
9.1000E+00	3.1580E-15
9.1230E+00	3.1940E-15
9.1450E+00	3.2290E-15
9.1680E+00	3.2660E-15
9.1900E+00	3.3020E-15
9.2130E+00	3.3390E-15
9.2360E+00	3.3760E-15
9.2590E+00	3.4130E-15
9.2820E+00	3.4500E-15
9.3050E+00	3.4880E-15
9.3290E+00	3.5260E-15
9.3520E+00	3.5640E-15
9.3750E+00	3.6020E-15
9.3990E+00	3.6400E-15
9.4230E+00	3.6790E-15
9.4470E+00	3.7180E-15
9.4700E+00	3.7580E-15
9.4950E+00	3.7970E-15
9.5190E+00	3.8370E-15
9.5430E+00	3.8770E-15
9.5670E+00	3.9170E-15
9.5920E+00	3.9580E-15
9.6160E+00	3.9980E-15
9.6400E+00	4.0380E-15
9.6650E+00	4.0790E-15
9.6890E+00	4.1200E-15
9.7140E+00	4.1620E-15
9.7400E+00	4.2040E-15
9.7650E+00	4.2460E-15
9.7900E+00	4.2880E-15
9.8160E+00	4.3310E-15
9.8410E+00	4.3740E-15
9.8670E+00	4.4170E-15
9.8930E+00	4.4600E-15
9.9190E+00	4.5040E-15
9.9450E+00	4.5480E-15
9.9710E+00	4.5920E-15
9.9980E+00	4.6360E-15
1.0020E+01	4.6810E-15
1.0050E+01	4.7250E-15
1.0080E+01	4.7700E-15
1.0100E+01	4.8160E-15
1.0130E+01	4.8610E-15
1.0160E+01	4.9070E-15
1.0190E+01	4.9530E-15
1.0210E+01	5.0000E-15
1.0240E+01	5.0460E-15
1.0270E+01	5.0930E-15
1.0300E+01	5.1400E-15
1.0320E+01	5.1870E-15
1.0350E+01	5.2340E-15
