3.88300E-02	3.65217E+04	9.51863E+02
5.53400E-01	9.11801E+03	9.85093E+03
1.05400E+00	3.33851E+03	6.27640E+03
1.57900E+00	1.83447E+03	4.88820E+03
2.09500E+00	1.19193E+03	4.09627E+03
2.61500E+00	8.55280E+02	3.62112E+03
3.13200E+00	6.50621E+02	3.26398E+03
3.63900E+00	5.14286E+02	2.99565E+03
4.12700E+00	4.18634E+02	2.78602E+03
4.57500E+00	3.55901E+02	2.62702E+03
4.90400E+00	3.26087E+02	2.53012E+03
5.10100E+00	3.19565E+02	2.48665E+03
5.21200E+00	3.21739E+02	2.46988E+03
5.28100E+00	3.24845E+02	2.46242E+03
5.33300E+00	3.26708E+02	2.45714E+03
5.37900E+00	3.27019E+02	2.45062E+03
5.42200E+00	3.26087E+02	2.44379E+03
5.46500E+00	3.23913E+02	2.43602E+03
5.50800E+00	3.21429E+02	2.42733E+03
5.55200E+00	3.18323E+02	2.41770E+03
5.59800E+00	3.14907E+02	2.40776E+03
5.64400E+00	3.11180E+02	2.39689E+03
5.69100E+00	3.07422E+02	2.38634E+03
5.74000E+00	3.03634E+02	2.37578E+03
5.78900E+00	2.99876E+02	2.36522E+03
5.83800E+00	2.96211E+02	2.35466E+03
5.88800E+00	2.92609E+02	2.34410E+03
5.93900E+00	2.89130E+02	2.33385E+03
5.98900E+00	2.85776E+02	2.32360E+03
6.04000E+00	2.82578E+02	2.31335E+03
6.09100E+00	2.79503E+02	2.30342E+03
6.14200E+00	2.76553E+02	2.29379E+03
6.19300E+00	2.73789E+02	2.28416E+03
6.24400E+00	2.71118E+02	2.27484E+03
6.29500E+00	2.68602E+02	2.26522E+03
6.34600E+00	2.66211E+02	2.25621E+03
6.39600E+00	2.63944E+02	2.24720E+03
6.44600E+00	2.61801E+02	2.23851E+03
6.49600E+00	2.59752E+02	2.22950E+03
6.54600E+00	2.57826E+02	2.22081E+03
6.59600E+00	2.55994E+02	2.21211E+03
6.64600E+00	2.54224E+02	2.20373E+03
6.69500E+00	2.52547E+02	2.19503E+03
6.74400E+00	2.50932E+02	2.18665E+03
6.79300E+00	2.49410E+02	2.17826E+03
6.84200E+00	2.47950E+02	2.17019E+03
6.89100E+00	2.46522E+02	2.16180E+03
6.94000E+00	2.45124E+02	2.15373E+03
6.98800E+00	2.43820E+02	2.14534E+03
7.03700E+00	2.42547E+02	2.13727E+03
7.08600E+00	2.41335E+02	2.12950E+03
7.13400E+00	2.40155E+02	2.12143E+03
7.18300E+00	2.39037E+02	2.11366E+03
7.23100E+00	2.37950E+02	2.10621E+03
7.27700E+00	2.36863E+02	2.09845E+03
7.32500E+00	2.35807E+02	2.09099E+03
7.37400E+00	2.34783E+02	2.08354E+03
7.42300E+00	2.33820E+02	2.07640E+03
7.47200E+00	2.32857E+02	2.06925E+03
7.52200E+00	2.31925E+02	2.06242E+03
7.57100E+00	2.31025E+02	2.05559E+03
7.62000E+00	2.30124E+02	2.04876E+03
7.67000E+00	2.29224E+02	2.04224E+03
7.72000E+00	2.28385E+02	2.03571E+03
7.77100E+00	2.27516E+02	2.02950E+03
7.82100E+00	2.26708E+02	2.02360E+03
7.87200E+00	2.25807E+02	2.01708E+03
7.92300E+00	2.25000E+02	2.01149E+03
7.97500E+00	2.24224E+02	2.00590E+03
8.02700E+00	2.23447E+02	2.00031E+03
8.07900E+00	2.22702E+02	1.99503E+03
8.13200E+00	2.21925E+02	1.99006E+03
8.18600E+00	2.21242E+02	1.98540E+03
8.24000E+00	2.20497E+02	1.98043E+03
8.29400E+00	2.19783E+02	1.97578E+03
8.34900E+00	2.19068E+02	1.97143E+03
8.40400E+00	2.18354E+02	1.96708E+03
8.46000E+00	2.17671E+02	1.96273E+03
8.51700E+00	2.16988E+02	1.95901E+03
8.57400E+00	2.16335E+02	1.95559E+03
8.63100E+00	2.15652E+02	1.95186E+03
8.69000E+00	2.15000E+02	1.94814E+03
8.74900E+00	2.14348E+02	1.94472E+03
8.80800E+00	2.13696E+02	1.94161E+03
8.86900E+00	2.13075E+02	1.93851E+03
8.92900E+00	2.12453E+02	1.93571E+03
8.99100E+00	2.11832E+02	1.93230E+03
9.05400E+00	2.11211E+02	1.92981E+03
9.11700E+00	2.10621E+02	1.92733E+03
9.18100E+00	2.10000E+02	1.92516E+03
9.24600E+00	2.09410E+02	1.92298E+03
9.31100E+00	2.08851E+02	1.92081E+03
9.37700E+00	2.08261E+02	1.91925E+03
9.44500E+00	2.07671E+02	1.91801E+03
9.51300E+00	2.07112E+02	1.91646E+03
9.58200E+00	2.06553E+02	1.91522E+03
9.65200E+00	2.05994E+02	1.91398E+03
9.72200E+00	2.05466E+02	1.91304E+03
9.79400E+00	2.04907E+02	1.91211E+03
9.86700E+00	2.04379E+02	1.91149E+03
9.94000E+00	2.03820E+02	1.91025E+03
1.00100E+01	2.03292E+02	1.90994E+03
1.00900E+01	2.02795E+02	1.90994E+03
1.01700E+01	2.02267E+02	1.90994E+03
1.02400E+01	2.01770E+02	1.91025E+03
1.03200E+01	2.01273E+02	1.91056E+03
1.04000E+01	2.00776E+02	1.91118E+03
1.04900E+01	2.00311E+02	1.91242E+03
1.05700E+01	1.99845E+02	1.91335E+03
1.06500E+01	1.99348E+02	1.91460E+03
1.07300E+01	1.98882E+02	1.91584E+03
1.08200E+01	1.98416E+02	1.91739E+03
1.09100E+01	1.97981E+02	1.91894E+03
1.10000E+01	1.97516E+02	1.92081E+03
1.10800E+01	1.97081E+02	1.92298E+03
1.11700E+01	1.96708E+02	1.92609E+03
1.12700E+01	1.96242E+02	1.92857E+03
1.13600E+01	1.95807E+02	1.93137E+03
1.14500E+01	1.95373E+02	1.93416E+03
1.15500E+01	1.94969E+02	1.93727E+03
1.16500E+01	1.94534E+02	1.94037E+03
1.17400E+01	1.94130E+02	1.94410E+03
1.18500E+01	1.93820E+02	1.94907E+03
1.19500E+01	1.93385E+02	1.95311E+03
1.20500E+01	1.92981E+02	1.95714E+03
1.21500E+01	1.92578E+02	1.96118E+03
1.22600E+01	1.92174E+02	1.96584E+03
1.23600E+01	1.91770E+02	1.97050E+03
1.24700E+01	1.91366E+02	1.97516E+03
1.25800E+01	1.90994E+02	1.98043E+03
1.26900E+01	1.90590E+02	1.98571E+03
1.28100E+01	1.90186E+02	1.99130E+03
1.29200E+01	1.89814E+02	1.99689E+03
1.30300E+01	1.89441E+02	2.00280E+03
1.31500E+01	1.89037E+02	2.00901E+03
1.32700E+01	1.88665E+02	2.01522E+03
1.33900E+01	1.88292E+02	2.02174E+03
1.35100E+01	1.87919E+02	2.02857E+03
1.36300E+01	1.87516E+02	2.03571E+03
1.37600E+01	1.87143E+02	2.04286E+03
1.38900E+01	1.86801E+02	2.05031E+03
1.40100E+01	1.86429E+02	2.05776E+03
1.41400E+01	1.86056E+02	2.06553E+03
1.42700E+01	1.85714E+02	2.07360E+03
1.44100E+01	1.85342E+02	2.08199E+03
1.45400E+01	1.85000E+02	2.09037E+03
1.46800E+01	1.84596E+02	2.09907E+03
1.48200E+01	1.84255E+02	2.10807E+03
1.49500E+01	1.83913E+02	2.11708E+03
1.51000E+01	1.83540E+02	2.12640E+03
